About to run simulation on GPU ...
block_size: 128
dimGrid:   (32, 1, 1)
dimBlock:  (128, 1, 1)
shareMem:   2048
123ab 4096
c 4096
d 100.000000
e 0.010000
f 1.000000
g 0
g 32
start temper: 0.000000
4Sample input copied back from GPU
sim: nve 100 0.000296 225.000000 1.000000 0.020000
fld: 2 2048 Na 229897.703125 1.000000 6575383.000000 3626.398438
cfg: 4096 0 100.000000 31.184040 -0.011218 -46.282597
Starting the main loop ...
0	0.000000	0.000000
pos: 31.173111 -41.143322 -9.839061 0.600000
vel: -0.010930 -0.007119 -0.007484 229897.703125
for: 66.289764 -5.784485 -31.141647 52.844433
1	0.000000	0.000000
pos: 31.162508 -41.150417 -9.846642 0.600000
vel: -0.010603 -0.007096 -0.007581 229897.703125
for: 75.162827 5.256702 -22.111876 36.644039
2	0.000000	0.000000
pos: 31.152269 -41.157448 -9.854281 0.600000
vel: -0.010238 -0.007029 -0.007640 229897.703125
for: 83.759857 15.462297 -13.712419 24.040630
3	0.000000	0.000000
pos: 31.142431 -41.164368 -9.861947 0.600000
vel: -0.009838 -0.006921 -0.007666 229897.703125
for: 92.053017 24.900806 -5.851383 14.244354
4	0.000000	0.000000
pos: 31.133028 -41.171143 -9.869606 0.600000
vel: -0.009403 -0.006774 -0.007659 229897.703125
for: 100.052551 33.645412 1.573017 7.472239
5	0.000000	0.000000
pos: 31.124094 -41.177734 -9.877228 0.600000
vel: -0.008934 -0.006593 -0.007621 229897.703125
for: 107.737679 41.756184 8.616673 3.261133
6	0.000000	0.000000
pos: 31.115660 -41.184113 -9.884783 0.600000
vel: -0.008434 -0.006378 -0.007555 229897.703125
for: 115.083847 49.279480 15.327269 1.267616
7	0.000000	0.000000
pos: 31.107758 -41.190247 -9.892243 0.600000
vel: -0.007903 -0.006134 -0.007460 229897.703125
for: 122.062538 56.254536 21.740204 1.159161
8	0.000000	0.000000
pos: 31.100414 -41.196106 -9.899582 0.600000
vel: -0.007343 -0.005861 -0.007339 229897.703125
for: 128.637589 62.708679 27.876638 2.605906
9	0.000000	0.000000
pos: 31.093657 -41.201668 -9.906775 0.600000
vel: -0.006757 -0.005562 -0.007192 229897.703125
for: 134.769226 68.661003 33.745598 5.299084
10	0.000000	0.000000
pos: 31.087511 -41.206909 -9.913795 0.600000
vel: -0.006146 -0.005240 -0.007021 229897.703125
for: 140.436691 74.143845 39.390003 9.013147
11	0.000000	0.000000
pos: 31.081999 -41.211803 -9.920621 0.600000
vel: -0.005513 -0.004895 -0.006826 229897.703125
for: 145.598038 79.168808 44.804317 13.477865
12	0.000000	0.000000
pos: 31.077139 -41.216335 -9.927230 0.600000
vel: -0.004859 -0.004531 -0.006609 229897.703125
for: 150.209854 83.735680 49.972149 18.428698
13	0.000000	0.000000
pos: 31.072950 -41.220486 -9.933599 0.600000
vel: -0.004188 -0.004149 -0.006370 229897.703125
for: 154.232056 87.851341 54.876335 23.623449
14	0.000000	0.000000
pos: 31.069448 -41.224236 -9.939711 0.600000
vel: -0.003503 -0.003751 -0.006111 229897.703125
for: 157.624680 91.511688 59.489441 28.828438
15	0.000000	0.000000
pos: 31.066643 -41.227573 -9.945544 0.600000
vel: -0.002805 -0.003339 -0.005834 229897.703125
for: 160.349777 94.711655 63.784119 33.826946
16	0.000000	0.000000
pos: 31.064543 -41.230488 -9.951083 0.600000
vel: -0.002099 -0.002915 -0.005539 229897.703125
for: 162.325974 97.396141 67.673416 38.243244
17	0.000000	0.000000
pos: 31.063154 -41.232971 -9.956313 0.600000
vel: -0.001388 -0.002482 -0.005230 229897.703125
for: 163.529358 99.559349 71.128952 41.900070
18	0.000000	0.000000
pos: 31.062479 -41.235012 -9.961221 0.600000
vel: -0.000675 -0.002042 -0.004907 229897.703125
for: 163.945175 101.197617 74.125999 44.651527
19	0.000000	0.000000
pos: 31.062515 -41.236610 -9.965795 0.600000
vel: 0.000037 -0.001597 -0.004574 229897.703125
for: 163.570633 102.307312 76.647217 46.385483
20	0.000000	0.000000
pos: 31.063259 -41.237759 -9.970026 0.600000
vel: 0.000743 -0.001150 -0.004232 229897.703125
for: 162.418213 102.892502 78.682442 47.037216
21	0.000000	0.000000
pos: 31.064701 -41.238461 -9.973908 0.600000
vel: 0.001441 -0.000702 -0.003883 229897.703125
for: 160.525787 102.972923 80.244392 46.631012
22	0.000000	0.000000
pos: 31.066830 -41.238716 -9.977437 0.600000
vel: 0.002128 -0.000256 -0.003529 229897.703125
for: 157.931107 102.563942 81.338661 45.179222
23	0.000000	0.000000
pos: 31.069632 -41.238529 -9.980609 0.600000
vel: 0.002801 0.000187 -0.003172 229897.703125
for: 154.682800 101.685654 81.978264 42.724728
24	0.000000	0.000000
pos: 31.073090 -41.237907 -9.983424 0.600000
vel: 0.003457 0.000623 -0.002815 229897.703125
for: 150.835037 100.363777 82.179314 39.287914
25	0.000000	0.000000
pos: 31.077185 -41.236855 -9.985883 0.600000
vel: 0.004094 0.001052 -0.002458 229897.703125
for: 146.463928 98.627365 81.981438 35.250267
26	0.000000	0.000000
pos: 31.081896 -41.235382 -9.987988 0.600000
vel: 0.004710 0.001472 -0.002104 229897.703125
for: 141.610916 96.495209 81.381027 30.461843
27	0.000000	0.000000
pos: 31.087200 -41.233501 -9.989742 0.600000
vel: 0.005303 0.001881 -0.001755 229897.703125
for: 136.351471 94.006439 80.408913 25.067087
28	0.000000	0.000000
pos: 31.093073 -41.231224 -9.991153 0.600000
vel: 0.005872 0.002278 -0.001410 229897.703125
for: 130.764328 91.193916 79.099365 19.320055
29	0.000000	0.000000
pos: 31.099489 -41.228561 -9.992227 0.600000
vel: 0.006416 0.002661 -0.001074 229897.703125
for: 124.905632 88.098511 77.463249 12.971643
30	0.000000	0.000000
pos: 31.106422 -41.225533 -9.992971 0.600000
vel: 0.006933 0.003030 -0.000745 229897.703125
for: 118.913857 84.768898 75.574638 6.988552
31	0.000000	0.000000
pos: 31.113846 -41.222149 -9.993397 0.600000
vel: 0.007424 0.003383 -0.000425 229897.703125
for: 112.822708 81.233391 73.451035 1.084831
32	0.000000	0.000000
pos: 31.121733 -41.218430 -9.993513 0.600000
vel: 0.007888 0.003720 -0.000116 229897.703125
for: 106.687126 77.504456 71.104881 -4.639839
33	0.000000	0.000000
pos: 31.130058 -41.214390 -9.993331 0.600000
vel: 0.008325 0.004040 0.000182 229897.703125
for: 100.555939 73.592468 68.544411 -10.091784
34	0.000000	0.000000
pos: 31.138794 -41.210049 -9.992863 0.600000
vel: 0.008736 0.004343 0.000468 229897.703125
for: 94.469398 69.505455 65.758888 -15.172781
35	0.000000	0.000000
pos: 31.147915 -41.205421 -9.992122 0.600000
vel: 0.009121 0.004626 0.000741 229897.703125
for: 88.458336 65.236397 62.751560 -19.966978
36	0.000000	0.000000
pos: 31.157394 -41.200531 -9.991121 0.600000
vel: 0.009480 0.004891 0.001000 229897.703125
for: 82.554550 60.799999 59.505028 -24.039976
37	0.000000	0.000000
pos: 31.167208 -41.195396 -9.989878 0.600000
vel: 0.009814 0.005135 0.001244 229897.703125
for: 76.768272 56.170368 56.021744 -27.733349
38	0.000000	0.000000
pos: 31.177330 -41.190037 -9.988407 0.600000
vel: 0.010123 0.005358 0.001471 229897.703125
for: 71.097290 51.346146 52.276550 -31.142269
39	0.000000	0.000000
pos: 31.187738 -41.184479 -9.986726 0.600000
vel: 0.010408 0.005560 0.001681 229897.703125
for: 65.556580 46.321148 48.251259 -34.245979
40	0.000000	0.000000
pos: 31.198408 -41.178741 -9.984854 0.600000
vel: 0.010670 0.005739 0.001872 229897.703125
for: 60.145908 41.079292 43.949829 -36.790871
41	0.000000	0.000000
pos: 31.209316 -41.172848 -9.982811 0.600000
vel: 0.010909 0.005894 0.002043 229897.703125
for: 54.885902 35.617073 39.352287 -38.597019
42	0.000000	0.000000
pos: 31.220442 -41.166824 -9.980618 0.600000
vel: 0.011125 0.006024 0.002193 229897.703125
for: 49.758198 29.929148 34.465714 -39.710999
43	0.000000	0.000000
pos: 31.231762 -41.160698 -9.978297 0.600000
vel: 0.011320 0.006128 0.002321 229897.703125
for: 44.744953 24.016460 29.283653 -40.349022
44	0.000000	0.000000
pos: 31.243256 -41.154495 -9.975873 0.600000
vel: 0.011493 0.006204 0.002425 229897.703125
for: 39.847485 17.364765 23.921019 -48.239937
45	0.000000	0.000000
pos: 31.254902 -41.148243 -9.973370 0.600000
vel: 0.011645 0.006252 0.002504 229897.703125
for: 35.046654 11.028872 18.159121 -48.208641
46	0.000000	0.000000
pos: 31.266680 -41.141972 -9.970813 0.600000
vel: 0.011777 0.006271 0.002556 229897.703125
for: 30.366743 4.500195 12.146907 -47.359825
47	0.000000	0.000000
pos: 31.278570 -41.135708 -9.968231 0.600000
vel: 0.011890 0.006264 0.002582 229897.703125
for: 25.770742 -1.657601 5.777358 -38.012581
48	0.000000	0.000000
pos: 31.290552 -41.129482 -9.965652 0.600000
vel: 0.011982 0.006227 0.002579 229897.703125
for: 21.266870 -8.489192 -0.694582 -36.081886
49	0.000000	0.000000
pos: 31.302607 -41.123322 -9.963106 0.600000
vel: 0.012055 0.006160 0.002547 229897.703125
for: 16.851768 -15.429959 -7.343991 -33.540241
50	0.000000	0.000000
pos: 31.314716 -41.117260 -9.960621 0.600000
vel: 0.012110 0.006062 0.002485 229897.703125
for: 12.525975 -22.440481 -14.122668 -30.352057
51	0.000000	0.000000
pos: 31.326862 -41.111324 -9.958227 0.600000
vel: 0.012146 0.005934 0.002394 229897.703125
for: 8.276518 -29.471386 -20.983438 -26.815947
52	0.000000	0.000000
pos: 31.339025 -41.105549 -9.955955 0.600000
vel: 0.012164 0.005776 0.002273 229897.703125
for: 4.107685 -36.467133 -27.859093 -22.911146
53	0.000000	0.000000
pos: 31.351189 -41.099960 -9.953833 0.600000
vel: 0.012164 0.005587 0.002122 229897.703125
for: 0.022607 -43.360298 -34.674259 -18.710138
54	0.000000	0.000000
pos: 31.363335 -41.094593 -9.951891 0.600000
vel: 0.012146 0.005369 0.001942 229897.703125
for: -3.988813 -50.096786 -41.374229 -14.549377
55	0.000000	0.000000
pos: 31.375446 -41.089474 -9.950157 0.600000
vel: 0.012112 0.005120 0.001734 229897.703125
for: -7.911565 -57.220566 -47.738949 -19.921846
56	0.000000	0.000000
pos: 31.387506 -41.084629 -9.948658 0.600000
vel: 0.012061 0.004844 0.001500 229897.703125
for: -11.806352 -63.375454 -53.953300 -16.603970
57	0.000000	0.000000
pos: 31.399500 -41.080082 -9.947419 0.600000
vel: 0.011993 0.004547 0.001239 229897.703125
for: -15.671723 -68.435509 -59.918949 -4.076309
58	0.000000	0.000000
pos: 31.411407 -41.075855 -9.946465 0.600000
vel: 0.011908 0.004226 0.000955 229897.703125
for: -19.471981 -73.648987 -65.290962 -1.644209
59	0.000000	0.000000
pos: 31.423214 -41.071968 -9.945814 0.600000
vel: 0.011807 0.003886 0.000651 229897.703125
for: -23.190701 -78.271584 -69.971687 2.050232
60	0.000000	0.000000
pos: 31.434904 -41.068439 -9.945486 0.600000
vel: 0.011690 0.003528 0.000328 229897.703125
for: -26.859344 -82.343246 -74.191849 1.029718
61	0.000000	0.000000
pos: 31.446463 -41.065285 -9.945496 0.600000
vel: 0.011558 0.003155 -0.000009 229897.703125
for: -30.416122 -85.695435 -77.475349 0.805971
62	0.000000	0.000000
pos: 31.457872 -41.062515 -9.945852 0.600000
vel: 0.011410 0.002771 -0.000357 229897.703125
for: -33.885841 -88.335060 -79.911484 -0.344524
63	0.000000	0.000000
pos: 31.469120 -41.060139 -9.946563 0.600000
vel: 0.011248 0.002375 -0.000710 229897.703125
for: -37.244701 -90.994347 -81.267792 -14.034994
64	0.000000	0.000000
pos: 31.480192 -41.058159 -9.947629 0.600000
vel: 0.011072 0.001978 -0.001066 229897.703125
for: -40.549278 -91.276550 -81.880974 -3.975180
65	0.000000	0.000000
pos: 31.491074 -41.056580 -9.949050 0.600000
vel: 0.010881 0.001579 -0.001421 229897.703125
for: -43.819355 -91.624420 -81.609695 -9.653635
66	0.000000	0.000000
pos: 31.501751 -41.055401 -9.950820 0.600000
vel: 0.010677 0.001179 -0.001770 229897.703125
for: -46.981701 -92.078720 -80.135445 -27.309338
67	0.000000	0.000000
pos: 31.512211 -41.054615 -9.952929 0.600000
vel: 0.010459 0.000787 -0.002110 229897.703125
for: -50.131489 -90.070091 -78.084671 -19.794624
68	0.000000	0.000000
pos: 31.522438 -41.054211 -9.955365 0.600000
vel: 0.010228 0.000403 -0.002435 229897.703125
for: -53.195107 -88.229935 -74.907219 -24.106306
69	0.000000	0.000000
pos: 31.532421 -41.054180 -9.958110 0.600000
vel: 0.009983 0.000030 -0.002745 229897.703125
for: -56.261314 -85.796410 -71.079140 -31.228361
70	0.000000	0.000000
pos: 31.542147 -41.054508 -9.961143 0.600000
vel: 0.009725 -0.000330 -0.003033 229897.703125
for: -59.272469 -82.766525 -66.362083 -35.852577
71	0.000000	0.000000
pos: 31.551601 -41.055183 -9.964442 0.600000
vel: 0.009454 -0.000675 -0.003299 229897.703125
for: -62.290073 -79.272827 -61.142479 -42.620590
72	0.000000	0.000000
pos: 31.560772 -41.056187 -9.967981 0.600000
vel: 0.009170 -0.001002 -0.003539 229897.703125
for: -65.248016 -75.299812 -55.236755 -47.709042
73	0.000000	0.000000
pos: 31.569645 -41.057499 -9.971733 0.600000
vel: 0.008874 -0.001311 -0.003752 229897.703125
for: -68.170570 -70.933990 -48.826138 -52.059563
74	0.000000	0.000000
pos: 31.578209 -41.059097 -9.975668 0.600000
vel: 0.008565 -0.001599 -0.003935 229897.703125
for: -71.047554 -66.217461 -41.985641 -55.469265
75	0.000000	0.000000
pos: 31.586452 -41.060963 -9.979753 0.600000
vel: 0.0