About to run simulation on GPU ...
block_size: 128
dimGrid:   (32, 1, 1)
dimBlock:  (128, 1, 1)
shareMem:   2048
123ab 4096
c 4096
d 100.000000
e 0.010000
f 1.000000
g 0
g 32
start temper: 0.000000
4Sample input copied back from GPU
sim: nve 100 0.000296 225.000000 1.000000 0.020000
fld: 2 2048 Na 229897.703125 1.000000 6575383.000000 3626.398438
cfg: 4096 0 100.000000 31.184040 -0.011218 -46.282597
Starting the main loop ...
0	0.000000	0.000000
pos: 31.173130 -41.143303 -9.839049 0.600000
vel: -0.010910 -0.007101 -0.007473 229897.703125
for: 70.869202 -1.522244 -28.436287 128.217804
1	0.000000	0.000000
pos: 31.162567 -41.150360 -9.846607 0.600000
vel: -0.010563 -0.007059 -0.007558 229897.703125
for: 79.750198 9.589698 -19.549150 112.407806
2	0.000000	0.000000
pos: 31.152388 -41.157333 -9.854215 0.600000
vel: -0.010179 -0.006972 -0.007608 229897.703125
for: 88.336563 19.927633 -11.448515 100.114517
3	0.000000	0.000000
pos: 31.142630 -41.164177 -9.861839 0.600000
vel: -0.009758 -0.006844 -0.007625 229897.703125
for: 96.610023 29.572346 -4.036248 90.524292
4	0.000000	0.000000
pos: 31.133326 -41.170853 -9.869452 0.600000
vel: -0.009303 -0.006676 -0.007613 229897.703125
for: 104.589905 38.608131 2.798077 83.840233
5	0.000000	0.000000
pos: 31.124510 -41.177322 -9.877026 0.600000
vel: -0.008815 -0.006471 -0.007573 229897.703125
for: 112.265823 47.105724 9.119368 79.578033
6	0.000000	0.000000
pos: 31.116215 -41.183552 -9.884534 0.600000
vel: -0.008295 -0.006231 -0.007508 229897.703125
for: 119.621086 55.119858 14.982539 77.396149
7	0.000000	0.000000
pos: 31.108471 -41.189510 -9.891953 0.600000
vel: -0.007744 -0.005958 -0.007419 229897.703125
for: 126.633217 62.697762 20.432320 76.955048
8	0.000000	0.000000
pos: 31.101307 -41.195164 -9.899261 0.600000
vel: -0.007164 -0.005654 -0.007308 229897.703125
for: 133.272736 69.875114 25.501545 77.926224
9	0.000000	0.000000
pos: 31.094683 -41.200516 -9.906427 0.600000
vel: -0.006623 -0.005351 -0.007166 229897.703125
for: 124.364914 69.724358 32.701374 -7.895638
10	0.000000	0.000000
pos: 31.088625 -41.205536 -9.913431 0.600000
vel: -0.006057 -0.005020 -0.007004 229897.703125
for: 130.196762 76.140427 37.230167 -4.618027
11	0.000000	0.000000
pos: 31.083158 -41.210197 -9.920255 0.600000
vel: -0.005467 -0.004662 -0.006823 229897.703125
for: 135.599335 82.203781 41.542530 -0.418362
12	0.000000	0.000000
pos: 31.078302 -41.214478 -9.926880 0.600000
vel: -0.004856 -0.004280 -0.006625 229897.703125
for: 140.521393 87.913834 45.623009 4.379107
13	0.000000	0.000000
pos: 31.074078 -41.218353 -9.933290 0.600000
vel: -0.004226 -0.003874 -0.006410 229897.703125
for: 144.915665 93.270699 49.454945 9.543964
14	0.000000	0.000000
pos: 31.070499 -41.221802 -9.939468 0.600000
vel: -0.003579 -0.003447 -0.006179 229897.703125
for: 148.725723 98.266060 53.006340 14.708498
15	0.000000	0.000000
pos: 31.067684 -41.224808 -9.945406 0.600000
vel: -0.002815 -0.003004 -0.005938 229897.703125
for: 175.597687 101.704475 55.550274 173.485291
16	0.000000	0.000000
pos: 31.065643 -41.227352 -9.951089 0.600000
vel: -0.002040 -0.002544 -0.005683 229897.703125
for: 178.052063 105.879189 58.494286 178.175049
17	0.000000	0.000000
pos: 31.064384 -41.229420 -9.956507 0.600000
vel: -0.001259 -0.002067 -0.005417 229897.703125
for: 179.736191 109.590477 61.097565 182.255020
18	0.000000	0.000000
pos: 31.063911 -41.230995 -9.961649 0.600000
vel: -0.000473 -0.001576 -0.005142 229897.703125
for: 180.620743 112.816818 63.331989 185.561111
19	0.000000	0.000000
pos: 31.064224 -41.232071 -9.966507 0.600000
vel: 0.000313 -0.001074 -0.004858 229897.703125
for: 180.689484 115.532303 65.179321 188.086685
20	0.000000	0.000000
pos: 31.065281 -41.232643 -9.971049 0.600000
vel: 0.001057 -0.000572 -0.004543 229897.703125
for: 171.094254 115.329498 72.568604 180.838120
21	0.000000	0.000000
pos: 31.067076 -41.232708 -9.975272 0.600000
vel: 0.001795 -0.000063 -0.004223 229897.703125
for: 169.528534 116.992531 73.471443 181.143524
22	0.000000	0.000000
pos: 31.069597 -41.232258 -9.979175 0.600000
vel: 0.002522 0.000450 -0.003902 229897.703125
for: 167.130020 118.121330 73.809448 180.183472
23	0.000000	0.000000
pos: 31.072832 -41.231293 -9.982757 0.600000
vel: 0.003235 0.000967 -0.003582 229897.703125
for: 163.934753 118.712364 73.594032 177.978424
24	0.000000	0.000000
pos: 31.076635 -41.229633 -9.986213 0.600000
vel: 0.003803 0.001659 -0.003456 229897.703125
for: 130.595627 159.063110 28.925348 -19.934778
25	0.000000	0.000000
pos: 31.080986 -41.227283 -9.989548 0.600000
vel: 0.004351 0.002348 -0.003335 229897.703125
for: 125.953377 158.559677 27.925154 -24.114536
26	0.000000	0.000000
pos: 31.085861 -41.224251 -9.992766 0.600000
vel: 0.004876 0.003033 -0.003219 229897.703125
for: 120.753365 157.382904 26.686960 -29.350342
27	0.000000	0.000000
pos: 31.091238 -41.220543 -9.995875 0.600000
vel: 0.005377 0.003710 -0.003109 229897.703125
for: 115.085754 155.551117 25.254446 -35.189850
28	0.000000	0.000000
pos: 31.097155 -41.216328 -9.998714 0.600000
vel: 0.005916 0.004214 -0.002839 229897.703125
for: 124.025871 115.967514 62.025578 9.318617
29	0.000000	0.000000
pos: 31.103582 -41.211624 -10.001292 0.600000
vel: 0.006428 0.004705 -0.002577 229897.703125
for: 117.773972 112.917915 60.144409 3.009766
30	0.000000	0.000000
pos: 31.110495 -41.206444 -10.003617 0.600000
vel: 0.006912 0.005181 -0.002325 229897.703125
for: 111.308685 109.375328 58.072575 -2.989948
31	0.000000	0.000000
pos: 31.117863 -41.200806 -10.005699 0.600000
vel: 0.007368 0.005639 -0.002082 229897.703125
for: 104.675446 105.368637 55.842564 -8.883770
32	0.000000	0.000000
pos: 31.125565 -41.194611 -10.007760 0.600000
vel: 0.007702 0.006194 -0.002061 229897.703125
for: 76.737167 127.634720 4.867733 -200.324432
33	0.000000	0.000000
pos: 31.133570 -41.187881 -10.009809 0.600000
vel: 0.008006 0.006728 -0.002049 229897.703125
for: 69.878395 122.760201 2.674098 -205.375092
34	0.000000	0.000000
pos: 31.141850 -41.180641 -10.011856 0.600000
vel: 0.008280 0.007239 -0.002047 229897.703125
for: 63.085182 117.446564 0.554945 -209.504852
35	0.000000	0.000000
pos: 31.150375 -41.172916 -10.013909 0.600000
vel: 0.008525 0.007725 -0.002053 229897.703125
for: 56.389946 111.701408 -1.493499 -212.776840
36	0.000000	0.000000
pos: 31.159142 -41.164688 -10.015931 0.600000
vel: 0.008766 0.008230 -0.002022 229897.703125
for: 55.456463 115.977463 7.171068 -80.288864
37	0.000000	0.000000
pos: 31.168121 -41.155983 -10.017931 0.600000
vel: 0.008979 0.008706 -0.002000 229897.703125
for: 48.970760 109.404564 5.136818 -81.683685
38	0.000000	0.000000
pos: 31.177286 -41.146832 -10.019917 0.600000
vel: 0.009165 0.009151 -0.001986 229897.703125
for: 42.583725 102.445724 3.023864 -82.310905
39	0.000000	0.000000
pos: 31.186609 -41.137268 -10.021900 0.600000
vel: 0.009323 0.009565 -0.001983 229897.703125
for: 36.297714 95.100853 0.829406 -82.086960
40	0.000000	0.000000
pos: 31.196201 -41.127499 -10.023704 0.600000
vel: 0.009593 0.009770 -0.001803 229897.703125
for: 62.156807 47.216671 41.263161 112.506020
41	0.000000	0.000000
pos: 31.206039 -41.117558 -10.025339 0.600000
vel: 0.009838 0.009941 -0.001635 229897.703125
for: 56.316658 39.224178 38.687305 114.444427
42	0.000000	0.000000
pos: 31.216097 -41.107483 -10.026818 0.600000
vel: 0.010058 0.010075 -0.001479 229897.703125
for: 50.559368 30.924627 35.924957 116.982277
43	0.000000	0.000000
pos: 31.226404 -41.097095 -10.028231 0.600000
vel: 0.010308 0.010387 -0.001413 229897.703125
for: 57.571087 71.726692 15.199192 389.255585
44	0.000000	0.000000
pos: 31.236938 -41.086437 -10.029590 0.600000
vel: 0.010534 0.010658 -0.001359 229897.703125
for: 51.799629 62.288673 12.337928 392.062164
45	0.000000	0.000000
pos: 31.247673 -41.075550 -10.030908 0.600000
vel: 0.010734 0.010887 -0.001318 229897.703125
for: 46.042866 52.496353 9.354102 395.824463
46	0.000000	0.000000
pos: 31.258583 -41.064480 -10.032199 0.600000
vel: 0.010909 0.011071 -0.001291 229897.703125
for: 40.290657 42.388733 6.258175 400.721283
47	0.000000	0.000000
pos: 31.269642 -41.053268 -10.033477 0.600000
vel: 0.011059 0.011210 -0.001278 229897.703125
for: 34.537552 32.026989 3.075686 406.941650
48	0.000000	0.000000
pos: 31.280827 -41.041965 -10.034756 0.600000
vel: 0.011184 0.011304 -0.001279 229897.703125
for: 28.765247 21.432575 -0.169066 414.288940
49	0.000000	0.000000
pos: 31.292110 -41.030617 -10.036049 0.600000
vel: 0.011284 0.011350 -0.001294 229897.703125
for: 22.950754 10.654428 -3.447031 422.640991
50	0.000000	0.000000
pos: 31.303469 -41.019268 -10.037372 0.600000
vel: 0.011359 0.011349 -0.001323 229897.703125
for: 17.116488 -0.282858 -6.734951 432.392609
51	0.000000	0.000000
pos: 31.314877 -41.007969 -10.038738 0.600000
vel: 0.011408 0.011299 -0.001366 229897.703125
for: 11.245751 -11.322151 -9.986284 443.530182
52	0.000000	0.000000
pos: 31.326307 -40.996765 -10.040162 0.600000
vel: 0.011431 0.011202 -0.001423 229897.703125
for: 5.315439 -22.419724 -13.148257 455.826996
53	0.000000	0.000000
pos: 31.337734 -40.985710 -10.041656 0.600000
vel: 0.011428 0.011056 -0.001494 229897.703125
for: -0.685671 -33.508354 -16.138166 469.184601
54	0.000000	0.000000
pos: 31.349133 -40.974846 -10.043231 0.600000
vel: 0.011398 0.010862 -0.001576 229897.703125
for: -6.765389 -44.521946 -18.886757 483.386993
55	0.000000	0.000000
pos: 31.360504 -40.964149 -10.045057 0.600000
vel: 0.011372 0.010696 -0.001826 229897.703125
for: -6.005332 -38.223305 -57.626537 282.550354
56	0.000000	0.000000
pos: 31.371822 -40.953667 -10.047142 0.600000
vel: 0.011318 0.010483 -0.002085 229897.703125
for: -12.419820 -48.979927 -59.410595 298.850220
57	0.000000	0.000000
pos: 31.383059 -40.943443 -10.049490 0.600000
vel: 0.011236 0.010224 -0.002348 229897.703125
for: -18.957521 -59.531662 -60.511520 315.453033
58	0.000000	0.000000
pos: 31.394135 -40.933777 -10.051908 0.600000
vel: 0.011076 0.009666 -0.002417 229897.703125
for: -36.829910 -128.297424 -15.946946 296.570618
59	0.000000	0.000000
pos: 31.405022 -40.924709 -10.054394 0.600000
vel: 0.010887 0.009067 -0.002486 229897.703125
for: -43.262039 -137.655807 -15.853737 313.958771
60	0.000000	0.000000
pos: 31.415693 -40.916279 -10.056946 0.600000
vel: 0.010671 0.008431 -0.002552 229897.703125
for: -49.675163 -146.379486 -15.096805 330.484131
61	0.000000	0.000000
pos: 31.426121 -40.908520 -10.059557 0.600000
vel: 0.010428 0.007759 -0.002611 229897.703125
for: -56.024712 -154.393219 -13.645189 345.829132
62	0.000000	0.000000
pos: 31.436277 -40.901463 -10.062219 0.600000
vel: 0.010157 0.007056 -0.002661 229897.703125
for: -62.229137 -161.650879 -11.482901 359.866241
63	0.000000	0.000000
pos: 31.446157 -40.894962 -10.064953 0.600000
vel: 0.009881 0.006498 -0.002734 229897.703125
for: -63.488857 -128.194702 -16.809479 620.594421
64	0.000000	0.000000
pos: 31.455736 -40.889046 -10.067744 0.600000
vel: 0.009579 0.005915 -0.002792 229897.703125
for: -69.368454 -134.160995 -13.147796 630.903381
65	0.000000	0.000000
pos: 31.464886 -40.883907 -10.070541 0.600000
vel: 0.009150 0.005140 -0.002797 229897.703125
for: -98.648819 -178.113968 -1.152889 271.185547
66	0.000000	0.000000
pos: 31.473583 -40.879559 -10.073322 0.600000
vel: 0.008698 0.004348 -0.002781 229897.703125
for: -103.837303 -182.066040 3.529794 277.418762
67	0.000000	0.000000
pos: 31.481892 -40.876019 -10.076065 0.600000
vel: 0.008309 0.003541 -0.002743 229897.703125
for: -89.530151 -185.542023 8.822203 402.045837
68	0.000000	0.000000
pos: 31.489794 -40.873291 -10.078748 0.600000
vel: 0.007902 0.002726 -0.002682 229897.703125
for: -93.581009 -187.401825 13.935006 402.842102
69	0.000000	0.000000
pos: 31.497274 -40.871384 -10.081347 0.600000
vel: 0.007480 0.001907 -0.002600 229897.703125
for: -96.962151 -188.228882 19.035063 400.922302
70	0.000000	0.000000
pos: 31.504295 -40.870304 -10.083815 0.600000
vel: 0.007020 0.001080 -0.002467 229897.703125
for: -105.674538 -190.102142 30.407381 398.738129
71	0.000000	0.000000
pos: 31.510847 -40.870045 -10.086129 0.600000
vel: 0.006553 0.000259 -0.002315 229897.703125
for: -107.526184 -188.800613 35.024899 390.194519
72	0.000000	0.000000
pos: 31.516966 -40.870358 -10.088455 0.600000
vel: 0.006118 -0.000312 -0.002326 229897.703125
for: -99.803825 -131.305832 -2.555288 409.593781
73	0.000000	0.000000
pos: 31.522648 -40.871227 -10.090775 0.600000
vel: 0.005683 -0.000870 -0.002319 229897.703125
for: -100.167877 -128.197906 1.555173 395.970673
74	0.000000	0.000000
pos: 31.527870 -40.872677 -10.093007 0.600000
vel: 0.005223 -0.001451 -0.002232 229897.703125
for: -105.658058 -133.724869 19.987967 445.292419
75	0.000000	0.000000
pos: 31.532639 -40.874687 -10.095140 0.600000
vel: 0.004769 -0.002012 -0.002132 229897.703125
for: -104.401558 -128.908752 23.053740 427.459808
76	0.000000	0.000000
pos: 31.537016 -40.877190 -10.097045 0.600000
vel: 0.004377 -0.002501 -0.001906 229897.703125
for: -90.035957 -112.313728 51.994141 402.488434
77	0.000000	0.000000
pos: 31.541014 -40.880154 -10.098716 0.600000
vel: 0.003998 -0.002962 -0.001671 229897.703125
for: -87.342865 -106.089470 54.025177 381.683533
78	0.000000	0.000000
pos: 31.544546 -40.883770 -10.100198 0.600000
vel: 0.003533 -0.003616 -0.001482 229897.703125
for: -106.826210 -150.419144 43.335964 124.655472
79	0.000000	0.000000
pos: 31.547630 -40.888008 -10.101487 0.600000
vel: 0.003085 -0.004238 -0.001289 229897.703125
for: -102.981049 -142.973785 44.424011 101.774963
80	0.000000	0.000000
pos: 31.550287 -40.892834 -10.102579 0.600000
vel: 0.002656 -0.004825 -0.001092 229897.703125
for: -98.579994 -134.903839 45.356907 81.247772
81	0.000000	0.000000
pos: 31.552536 -40.898209 -10.103472 0.600000
vel: 0.002248 -0.005375 -0.000892 229897.703125
for: -93.847267 -126.388420 45.842552 57.792435
82	0.000000	0.000000
pos: 31.554398 -40.904095 -10.104164 0.600000
vel: 0.001861 -0.005886 -0.000692 229897.703125
for: -88.909050 -117.480774 46.011818 32.141457
83	0.000000	0.000000
pos: 31.555895 -40.910450 -10.104655 0.600000
vel: 0.001497 -0.006356 -0.000491 229897.703125
for: -83.807526 -108.169342 46.338112 10.237198
84	0.000000	0.000000
pos: 31.557049 -40.917236 -10.104942 0.600000
vel: 0.001154 -0.006785 -0.000287 229897.703125
for: -78.720680 -98.552299 46.749146 -10.273243
85	0.000000	0.000000
pos: 31.557882 -40.924408 -10.105023 0.600000
vel: 0.000833 -0.007171 -0.000082 229897.703125
for: -73.763031 -88.685867 47.340538 -28.913568
86	0.000000	0.000000
pos: 31.558414 -40.931919 -10.104896 0.600000
vel: 0.000533 -0.007513 0.000128 229897.703125
for: -69.054169 -78.611832 48.210499 -45.290268
87	0.000000	0.000000
pos: 31.558666 -40.939728 -10.104552 0.600000
vel: 0.000251 -0.007810 0.000343 229897.703125
for: -64.718193 -68.351166 49.450752 -59.113846
88	0.000000	0.000000
pos: 31.558653 -40.947788 -10.103986 0.600000
vel: -0.000013 -0.008062 0.000566 229897.703125
for: -60.821045 -57.895168 51.272110 -67.941292
89	0.000000	0.000000
pos: 31.558390 -40.956055 -10.103187 0.600000
vel: -0.000263 -0.008268 0.000799 229897.703125
for: -57.508884 -47.299397 53.456242 -75.836060
90	0.000000	0.000000
pos: 31.557888 -40.964481 -10.102144 0.600000
vel: -0.000502 -0.008427 0.001043 229897.703125
for: -54.860607 -36.565670 56.052914 -82.606491
91	0.000000	0.000000
pos: 31.557156 -40.973019 -10.100843 0.600000
vel: -0.000732 -0.008538 0.001301 229897.703125
for: -52.863262 -25.648085 59.375698 -83.717270
92	0.000000	0.000000
pos: 31.556200 -40.981621 -10.099267 0.600000
vel: -0.000956 -0.008602 0.001576 229897.703125
for: -51.612190 -14.570868 63.301670 -81.403931
93	0.000000	0.000000
pos: 31.555021 -40.990238 -10.097396 0.600000
vel: -0.001179 -0.008616 0.001871 229897.703125
for: -51.145393 -3.337291 67.834084 -75.687630
94	0.000000	0.000000
pos: 31.553619 -40.998821 -10.095207 0.600000
vel: -0.001403 -0.008581 0.002189 229897.703125
for: -51.480015 8.034125 72.968201 -66.547394
95	0.000000	0.000000
pos: 31.551989 -41.007317 -10.092676 0.600000
vel: -0.001632 -0.008496 0.002531 229897.703125
for: -52.624859 19.531273 78.647682 -54.733940
96	0.000000	0.000000
pos: 31.550119 -41.015678 -10.089776 0.600000
vel: -0.001869 -0.008361 0.002900 229897.703125
for: -54.546246 31.083748 84.860878 -39.831604
97	0.000000	0.000000
pos: 31.548002 -41.023853 -10.086478 0.600000
vel: -0.002118 -0.008176 0.003298 229897.703125
for: -57.199135 42.618225 91.513680 -22.516569
98	0.000000	0.000000
pos: 31.545622 -41.031796 -10.082751 0.600000
vel: -0.002381 -0.007941 0.003727 229897.703125
for: -60.489151 54.021133 98.530922 -2.720039
99	0.000000	0.000000
pos: 31.542961 -41.039459 -10.078564 0.600000
vel: -0.002660 -0.007664 0.004188 229897.703125
for: -64.255913 63.7334